76143 75755 82919 70201 79671 73079 85045 71971 74928 74061 68139 70915 76257 83230 75870 92709 85111 75368 75673 73371 78667 74361 80476 84055 86508 87077 89257 76343 76233 75912 
171556 166609 171167 152212 156160 164309 171842 182766 168271 166869 182702 229888 166905 160407 161802 191605 152653 165446 170063 176084 187607 158594 153633 179051 192223 164879 163874 153251 157380 156875 
299595 296836 275979 248457 238570 248024 289886 263991 241196 273860 263908 265401 257415 260725 285716 293791 267272 249686 266766 299078 246405 269703 291371 292264 239312 248918 240445 231322 258034 251027 
361628 362669 343417 389107 373670 393194 335618 336798 440430 352069 351241 393855 346946 341903 374354 378489 378276 391317 347275 379566 407162 329913 342624 375777 365327 363427 380029 352218 369203 363160 
457358 431172 494056 471339 509267 475700 462542 496559 436854 526446 438617 412181 449333 425394 432143 473667 502328 456463 452818 518699 506328 453480 473339 521947 428934 491944 445616 486481 468927 478272 
595085 645220 550758 565602 557764 546519 531238 557873 602615 585860 552602 532402 559220 588791 636780 583396 560240 582325 634019 656199 543161 528990 523594 544978 559570 566455 629526 543724 577724 576961 
705999 676597 711350 634415 678888 747089 703763 717453 623287 731817 728455 661971 649511 686331 768527 623503 715966 746021 633072 738110 663217 648966 694116 660671 660628 744339 714861 661261 643610 639391 
814930 722822 833987 738907 773163 882775 750721 869839 759989 756718 915342 764541 862854 756456 998868 733482 785148 760441 839275 789422 884279 849996 841314 768396 748737 821683 754131 738749 820311 776322 
996982 886996 855970 847409 937045 813901 838303 853936 861929 854459 846196 871489 823025 925701 901019 1072428 874506 935188 876597 907789 973462 843210 875370 949515 982185 883416 900243 889450 946658 843362 
989307 974790 973763 1152247 961998 971669 1178329 1003751 953606 1067374 988740 1061443 1141969 1068171 925408 951536 1093503 999617 1043452 1058780 1085124 1018630 1010251 975890 972540 977362 951125 993409 1152893 973872 
