67721 74163 72311 76626 67815 70837 70421 66810 67689 72798 73475 70262 68544 79538 69974 69025 75917 69197 70106 69632 66886 76972 65444 71016 74894 71911 69273 72194 70444 66810 
156307 154329 150409 156381 159993 162833 154853 153900 150954 155578 152179 152865 147211 156434 152504 155811 158651 162105 161226 149695 146780 159175 149725 155853 163593 169508 152354 149252 154448 161143 
242521 239617 249584 261479 250070 238629 251100 231113 242084 259298 246517 233723 242372 237383 266392 245843 242725 236451 234577 240142 253350 253425 249595 256660 244456 253153 256334 244271 253034 239139 
348891 339929 349648 329957 359436 329757 340942 318731 330643 329261 330610 331146 332457 335371 340028 358489 319498 335608 336343 324677 344149 344922 323969 340805 362430 327194 351543 332910 342364 342378 
443537 424163 440605 431419 413480 435149 427730 439738 430619 435954 449893 439351 470980 427681 427555 437137 418317 500883 427190 430157 420026 439338 428000 455388 467746 457377 462602 439128 447449 430932 
561358 596808 528155 513591 570086 537207 537879 551376 519986 527374 533289 563525 524323 556184 520654 502547 524771 547965 532252 531127 537470 529361 559500 493034 518119 522602 533962 528971 549198 565768 
645353 603990 599804 626737 654748 691554 602455 617548 646435 641042 645940 611538 608327 619800 622323 671081 616972 686309 665262 628690 646171 621316 602172 626857 636092 609667 627284 693401 641361 618793 
733374 733844 755750 717821 759245 695962 734676 760271 715061 742078 761873 702157 717192 715818 722215 698601 739220 725002 723389 696277 744711 771099 774322 746599 725407 706481 728320 708220 754464 694922 
847598 798222 833978 830491 860968 833082 806942 788093 831199 906859 788120 823996 887156 861400 821856 822207 827825 838105 846052 806622 825177 824615 836091 810887 900944 815477 825267 838324 860179 820684 
910500 945291 917610 919906 938525 939721 955259 1000964 908477 948264 947081 942815 960551 956556 919974 951084 939653 929813 991260 943913 905016 1065153 951314 913173 984552 990673 917561 946551 918088 914879 
