76612 71976 71273 65321 68363 65381 74687 68431 69638 68770 71150 66091 66684 72933 67600 67168 68704 76265 69909 71426 73577 69199 65423 67663 67259 68373 73075 65397 69926 69518 
156664 174193 157163 141975 157393 160676 152219 169858 145004 153181 157430 166421 148033 149943 153583 150433 156216 157947 156709 148275 156890 157044 165263 153726 169107 156814 164651 165047 150893 146217 
248662 232563 240587 239469 231214 242802 229035 241637 235433 236463 236706 244623 240746 264174 264029 267044 253837 242648 240029 249005 233410 240755 236224 233235 253838 238933 244230 252959 248056 253025 
329470 322190 332749 337083 325716 324706 346325 354207 320346 334054 344334 324523 344505 321164 331970 326038 325532 372843 336199 316153 319039 327004 324990 327792 371134 329775 327601 329817 342257 332332 
424969 452854 419071 409721 464347 432987 432713 458282 439181 431678 439223 410313 411370 451729 416882 406887 440361 438797 426943 423408 423638 423202 420033 427500 433908 440550 444152 419236 430521 462440 
507089 561675 504303 522996 531260 499899 538939 533391 574519 558487 531427 527314 507757 535676 522340 508361 526799 507042 520842 529861 561042 510619 521226 523891 511144 556352 530618 509007 534464 558018 
619803 615819 599568 623983 600492 617340 610330 619546 608788 604127 597519 671542 625518 647764 643994 613828 611979 608210 595549 595272 644052 636179 618367 628663 621676 604446 651104 582921 610673 702842 
720069 736928 684550 740263 717430 730706 767202 722290 724136 753602 720097 723685 687954 725569 719663 740449 737235 693976 710701 718601 716770 705146 741287 717373 710237 747669 713522 694899 688332 721508 
837488 805595 804166 785253 797856 855796 803924 833223 804052 834864 826385 855428 785632 838460 798806 862377 853089 835654 859458 832809 848801 813486 815477 844963 815970 814724 825299 769035 788014 842260 
899515 891225 938301 949228 899288 900890 965242 937359 924020 931621 959865 930830 879486 917788 937162 890514 917209 926317 959825 891263 948244 922726 900779 898635 924024 927067 885231 896035 878315 903181 
