77272 70580 86874 71837 74133 70345 85555 73831 67659 82634 73207 75452 74224 72580 86708 82572 85403 75480 81079 77098 67080 72139 85564 75926 71156 73023 75523 71583 70950 73548 
187351 183970 173673 150418 195864 167999 173805 172189 177639 158028 168915 172099 179359 154451 168887 182024 157425 188259 166371 176106 169810 171854 177925 206503 162091 186254 215973 162936 176177 173564 
254306 271763 275069 257019 283267 253049 234505 267915 278918 284565 252110 243558 265586 287712 313306 276189 243825 247801 259813 279978 300181 245252 261215 243980 248026 262015 243400 260422 256525 277879 
407897 359123 394326 372626 341577 359018 373855 398766 351730 353469 466753 366114 350676 408333 387724 338830 347000 357490 352775 330412 338480 373207 370288 360304 402721 382265 406720 344525 347141 350009 
490596 466419 480624 451868 467630 474652 532509 502042 440100 443812 454797 469222 459054 464998 553586 437865 515752 462472 514833 438840 463310 499711 449943 449679 425165 500261 531409 458464 495137 512894 
563302 595196 573225 609650 619231 556597 586782 534006 608097 532003 580393 596974 520994 560876 554069 551027 572161 588568 549959 541002 555860 559556 544245 593053 663402 587263 575272 535960 596918 551463 
674752 755187 697032 785189 677187 667108 720942 662960 651904 761469 659775 681409 665617 668060 694361 673981 658626 648265 652885 698749 622669 700069 669136 703642 675058 749349 686600 706823 707275 665732 
753994 724238 776822 792194 840903 764316 832748 761755 973374 801927 728312 783525 744111 741494 839409 731841 772231 725188 734918 766736 875012 761314 812399 754521 748849 741025 837830 762023 776612 742012 
911609 867904 859078 893692 833857 918853 855982 1011081 890811 953893 858247 1060970 910927 897872 978875 884981 928794 869200 826761 935969 860383 954235 877528 874624 846448 854038 835268 870968 858089 859308 
999639 1044385 986217 1169345 969993 1069021 980114 1030165 1005194 909161 1021462 1160522 905135 1124913 1016771 1162116 968958 1012437 989985 1000069 953407 1170143 936520 1069402 1023279 1203643 1014508 1019670 1055016 965813 
