65533 69719 75337 70744 77530 68961 67661 77742 79695 68501 65280 69650 72136 66633 68894 67853 66696 75824 71618 74662 73047 68953 72303 71486 76197 71113 66337 77100 66461 71106 
165988 152705 160137 154806 155659 150030 158914 149515 151811 149671 153092 154123 154025 148772 150191 157847 150311 144948 159362 148530 151302 143821 153978 154711 157181 165503 149439 155049 149584 149046 
251823 249772 243998 256093 229809 242251 264661 245059 254367 239502 243005 242618 250335 253738 251501 249378 243572 244272 237669 267632 245206 242052 249555 243474 232463 260945 237479 252135 242896 244720 
348491 348421 356459 327168 358903 311643 324349 366328 379719 329036 383676 339432 351040 315846 314155 332032 324377 324537 337570 359939 354916 334706 348382 326341 333234 338504 374305 338306 323276 361389 
431697 426275 445786 492584 440891 452684 438381 421902 447847 422589 430659 416803 470567 437871 425104 423418 429082 430521 427480 426906 451413 418135 452320 414806 422760 421355 413473 415309 425845 510111 
560411 506553 517880 512231 521839 538599 539065 527766 530252 554674 500712 550194 534579 519012 521944 508877 521076 530990 521461 533393 529272 536678 524178 505612 569289 513577 548374 517013 575695 505308 
634338 614313 658613 620978 621556 650765 603004 620894 633042 638830 658582 642192 610523 617959 622001 620942 623831 643026 629093 654122 614437 625227 652762 638900 635720 654566 591420 675375 627766 634551 
736340 711204 740959 736765 758831 724462 739346 717227 705201 826489 721475 741770 748108 743810 746510 725266 745289 746227 718098 720579 700071 747423 712765 760183 735384 721276 766408 733279 709401 750205 
845654 835651 822165 847970 822913 835959 862164 824619 807937 848141 841650 826379 918848 913644 826982 821085 859588 805403 804264 848295 831353 871943 845873 824141 854017 863759 887439 815997 827234 811415 
916987 952870 921647 1016189 951252 898224 936947 889292 948930 996835 965285 957250 941822 980760 944323 908213 889960 926280 925300 938115 906636 993544 950474 929802 917985 971998 896098 953376 943027 952345 
