78137 78956 79722 86930 75327 82148 84391 78768 86347 72399 72337 78673 73796 72087 72382 76905 73696 78655 69057 78467 87834 73584 75129 73512 82700 76812 70062 91295 70718 71825 
176002 163229 159287 160263 169171 159989 167188 158395 162936 177231 169190 155784 156471 173294 157079 164072 158147 177841 190663 162818 175609 157221 164524 152421 152077 188776 193578 180449 158536 161523 
253005 274418 245927 260372 260548 286323 257374 253117 257464 276735 263736 292467 293161 251943 249538 250754 264933 273519 305708 284673 247261 294836 262960 302223 244104 277337 282599 272095 277219 283798 
367633 355032 445111 401741 377376 348387 346073 429953 364346 371023 398943 369650 360835 368772 388524 367058 360340 368919 370453 392203 381604 393780 333063 352962 350266 338785 361223 379505 373319 360026 
429885 433981 469881 436363 473835 439754 463663 515523 435921 434507 510121 437128 440957 464232 463440 440945 466464 461175 463193 511845 446753 426868 492746 465173 452350 486357 549227 479954 487493 461539 
551630 574218 554281 578777 565436 522336 512286 593643 612155 532683 570333 702042 597200 637352 569282 525888 606301 513659 580630 614407 583633 631381 556274 574025 528902 623872 581047 590108 613562 574741 
705718 778595 716150 643363 642700 660486 744957 749778 668384 672766 670135 679215 703131 645028 672644 633222 673557 659519 643538 662080 635822 674732 703724 667379 652463 814072 656072 615982 615955 642024 
726709 722845 789664 859576 834075 757964 922186 782947 764294 750957 811719 873122 755214 845014 862030 738538 759484 767126 770854 745701 763631 748121 746523 830911 834410 767035 787729 886667 761664 810570 
929387 1047621 811011 872569 846460 868646 917318 860081 842685 1022034 968573 915546 1039354 862138 833540 860315 821471 927863 917299 1177270 974127 884218 901964 1013402 855385 867528 937391 920732 836657 1001935 
1025154 1074618 959553 1026553 1184789 1017278 947712 1180538 942585 1111354 1120134 936935 973085 1010119 964648 1000275 1175012 1004877 1001978 1027517 967409 975209 1089181 1046663 958842 994458 1096747 949899 1048364 989945 
