1986575171 1986592440 1986614663 1986631915 1986652563 1986675841 1986689845 1986707772 1986724381 1986748642 1986758606 1986770018 1986792836 1986810910 1986840762 1986855962 1986880037 1986899024 1986919907 1986943650 1986957029 1986973433 1986996195 1987018129 1987041054 1987068426 1987092776 1987109231 1987131775 1987142851 
1987153941 1987157809 1987165359 1987180770 1987180770 1987188863 1987191268 1987201736 1987220124 1987220124 1987224565 1987239112 1987241312 1987242730 1987246899 1987248693 1987267684 1987267684 1987277488 1987279632 1987286144 1987291881 1987295359 1987303378 1987303378 1987303378 1987312788 1987314136 1987328640 1987333606 
1987403972 1987422491 1987463274 1987495141 1987528969 1987559854 1987616261 1987667150 1987681252 1987708542 1987741767 1987774695 1987801296 1987818120 1987879266 1987912584 1987955748 1987978153 1988006153 1988053416 1988104844 1988136056 1988172168 1988235210 1988278014 1988291123 1988321027 1988370709 1988448236 1988496210 
1988641055 1988780793 1988909533 1988979261 1989105595 1989191049 1989291634 1989334603 1989410278 1989517671 1989610567 1989711508 1989787885 1989875912 1989953514 1990047470 1990151423 1990251603 1990357321 1990467693 1990576133 1990641221 1990724783 1990838503 1990926611 1990993410 1991074682 1991130279 1991196963 1991280855 
1991466332 1991701492 1991853554 1992057066 1992214267 1992381934 1992519161 1992670321 1992804951 1992943287 1993110872 1993320717 1993511849 1993642293 1993831634 1994002054 1994144413 1994252578 1994404791 1994571485 1994735282 1994882566 1994981169 1995079320 1995279139 1995441845 1995611670 1995756432 1995941041 1996080437 
1996373840 1996634440 1996853980 1997034517 1997233145 1997433862 1997716273 1998011984 1998214565 1998402142 1998627715 1998772593 1999069195 1999294944 1999492986 1999791248 2000078349 2000300324 2000518299 2000698917 2000948874 2001147215 2001333418 2001593118 2001788972 2002043252 2002228516 2002444269 2002742342 2003003946 
2003540524 2003906331 2004239456 2004695132 2005046629 2005275230 2005632669 2006002164 2006360630 2006654177 2006984474 2007463990 2007842535 2008262511 2008770483 2009107466 2009491067 2009826901 2010165422 2010424809 2010752580 2011107674 2011404740 2011673658 2012038274 2012390523 2012743041 2013012740 2013338637 2013737417 
2014373835 2014979158 2015516391 2015948873 2016328611 2016784174 2017070196 2017501461 2017952181 2018273439 2018662329 2019290166 2019775397 2020234229 2020832134 2021292572 2021716716 2022082343 2022513414 2022842104 2023249178 2023620602 2024209544 2024650926 2025124399 2025736629 2026258918 2026663305 2026985587 2027536259 
2028199093 2029016024 2029686747 2030462618 2031168435 2031709818 2032314626 2032958930 2033452895 2033973363 2034619387 2035403808 2036034423 2036775988 2037461641 2038292007 2039094413 2039732347 2040289980 2040923096 2041564414 2042146826 2042753956 2043394328 2043979029 2044603181 2045037081 2045578869 2046169555 2046856589 
2048913809 2050889047 2052752932 2054837271 2056359269 2058223697 2060193059 2061916502 2064050035 2066069361 2067783537 2069618675 2071018548 2073077245 2074690673 2076736181 2078337192 2080180651 2082060897 2083896714 2085528062 2087104892 2088998877 2090937714 2092741298 2094737558 2096294466 2098059654 2099929977 2101788362 
