26112 41775 54920 73570 87815 112029 125945 141890 156743 167496 185246 203050 213281 232788 250491 265897 290454 304138 321957 345524 362772 376705 393881 410359 422852 443712 460784 471635 487634 499502 
501040 516409 530090 531169 536494 545654 561829 570863 576901 587826 594980 607017 608367 614651 625853 631719 639580 646729 654213 666978 669596 678998 694324 700358 710206 720611 725107 741073 746989 746989 
855485 910221 961821 1010552 1081853 1122058 1190307 1307261 1405192 1463281 1569156 1652468 1764746 1887716 2004826 2079491 2155529 2225967 2352568 2449442 2543762 2613333 2677643 2747403 2829535 2890262 2943415 3029537 3115422 3171553 
3382804 3500683 3671077 3763321 3866140 3982961 4113162 4215386 4400529 4538289 4667706 4837225 5007581 5176292 5325993 5514997 5693123 5888382 6041044 6213256 6326883 6527110 6759983 6929976 7074718 7240906 7373468 7495486 7631890 7771512 
8043244 8226756 8369741 8581413 8721403 8935142 9104647 9282166 9506162 9750525 9934534 10160977 10348940 10614608 10852794 11004995 11257985 11502666 11777763 11994516 12297041 12563166 12740923 12992473 13279613 13465789 13652137 13874863 14076314 14253034 
14711315 14959149 15300515 15816987 16092939 16447597 16906345 17392093 17701516 18120524 18489968 18927787 19214397 19593703 19966793 20452234 20859856 21346255 21654194 22015233 22477950 22815321 23151899 23541755 24001108 24514014 24860705 25303465 25810534 26282560 
26836107 27397205 27863651 28338442 28892414 29401421 29987979 30571488 31114336 31568881 32020145 32381581 32893320 33512578 34144521 34684802 35164714 35748512 36311197 36739913 37409239 37937257 38502734 38986399 39530220 40145268 40745244 41281813 41910243 42513923 
43199788 43904896 44489749 45227991 46066194 46714650 47462288 48090592 48853996 49594833 50229409 50993907 51741088 52397257 53092354 53930213 54810086 55320058 56236591 56981454 57819186 58487423 59071618 59892539 60490654 61262785 61886009 62604765 63116864 63872530 
64915698 65737900 66414905 67311557 68132934 69218448 70048184 70927499 71732814 72712193 73531406 74396891 75365512 76319805 77066065 77795320 78628341 79648822 80422089 81245154 82243869 82983691 83665409 84487437 85417021 86298359 87240978 88147155 88960204 89835327 
91107797 92216475 93323131 94235793 95149138 96110206 97261914 98290214 99261941 100211809 101084544 102210290 103191736 104072532 104943194 106091841 106814099 107750852 108853724 109838908 111109302 112136247 113527753 114494869 115671433 116656005 117723109 118686499 119748214 120887481 
