1986595081 1986625241 1986659769 1986708051 1986746977 1986788229 1986826883 1986872077 1986919248 1986963247 1987012224 1987056796 1987098017 1987139870 1987182094 1987233354 1987284783 1987338179 1987382608 1987429852 1987476894 1987510995 1987559547 1987599768 1987631145 1987672562 1987717357 1987762298 1987809451 1987853940 
1987921767 1988010429 1988094664 1988203509 1988280821 1988361511 1988429009 1988500038 1988588333 1988669608 1988738347 1988817118 1988889154 1988961625 1989043738 1989129890 1989209186 1989280759 1989354520 1989436792 1989527982 1989608398 1989695283 1989778998 1989852383 1989917216 1989975671 1990039460 1990119598 1990192554 
1990403622 1990639175 1990874362 1991108704 1991312987 1991547777 1991763990 1991983674 1992227801 1992471797 1992715613 1992948715 1993141857 1993356588 1993575107 1993796562 1994000448 1994233951 1994450328 1994655561 1994907026 1995155422 1995376906 1995610615 1995809579 1996016635 1996263648 1996515862 1996740717 1996939140 
1997285255 1997671721 1998058508 1998497473 1998910604 1999284755 1999619468 1999929566 2000339829 2000730505 2001108023 2001510017 2001909139 2002288603 2002679848 2003035979 2003390161 2003780376 2004170515 2004563118 2004961017 2005280916 2005614902 2005946019 2006304194 2006686763 2007096921 2007478572 2007849578 2008230372 
2008852464 2009539973 2010309429 2011032108 2011726727 2012375326 2013084407 2013733691 2014364260 2014979710 2015708726 2016391297 2017011020 2017714019 2018393878 2018993145 2019674140 2020287954 2020943281 2021604605 2022259799 2022837677 2023459651 2024160688 2024878028 2025437046 2026010019 2026651005 2027243106 2027884491 
2028879413 2029788132 2030642598 2031570445 2032394011 2033204237 2034099240 2034884655 2035670080 2036504525 2037285515 2038172958 2038985493 2039848709 2040755569 2041633169 2042476842 2043404882 2044185065 2045027404 2045862657 2046621180 2047354243 2048237456 2049119964 2050048934 2050923795 2051763794 2052592027 2053280598 
2054736282 2055976248 2057387972 2058703141 2060034775 2061391631 2062749390 2064090808 2065518062 2066734507 2067951634 2069184975 2070498201 2071814129 2072999582 2074204856 2075437578 2076491980 2077702166 2079098449 2080408962 2081849755 2083267364 2084653362 2085986113 2087479307 2088750949 2089908555 2091128303 2092345450 
2093968491 2095746290 2097466231 2099172576 2100999426 2102887744 2104845239 2106625003 2108468955 2110275857 2112106984 2113966139 2115851603 2117656285 2119248753 2120878335 2122719115 2124538359 2126337690 2128003559 2129797936 2131525258 2133213547 2134847813 2136543429 2138341681 2140181029 2142028870 2143818977 2145636220 
-2146907038 -2144627513 -2142318543 -2140145498 -2137732633 -2135407467 -2133067609 -2130836091 -2128460002 -2126134840 -2123874578 -2121864097 -2119834867 -2117871261 -2115656441 -2113235079 -2111186295 -2108864694 -2106724086 -2104536375 -2102316297 -2099938156 -2097624017 -2095328276 -2093117364 -2090630845 -2088140952 -2085585823 -2083177686 -2080771505 
-2080608656 -2080441550 -2080360070 -2080276063 -2080106293 -2079943451 -2079819551 -2079653757 -2079506386 -2079388989 -2079292481 -2079161768 -2079014094 -2078851022 -2078686934 -2078536790 -2078396710 -2078279805 -2078168408 -2078026138 -2077950723 -2077885137 -2077739643 -2077681484 -2077555197 -2077401296 -2077222491 -2077042039 -2076946663 -2076856646 
