42265 88936 132072 169902 210957 246996 281584 316416 353084 399224 441549 481439 515807 545863 582843 612037 643200 680694 725280 764776 809296 852243 892899 929557 966976 998998 1031440 1071108 1108895 1138765 
1148308 1157851 1169982 1177636 1180659 1188509 1199745 1210321 1216704 1225944 1242753 1252567 1267668 1284995 1293392 1297628 1305199 1314038 1323635 1333232 1339749 1350197 1364917 1377636 1390482 1403596 1418204 1431525 1444846 1451311 
1576618 1697409 1821238 1931350 2035365 2140301 2237233 2365331 2481126 2615811 2736711 2850979 2984000 3110184 3233641 3391998 3552746 3714378 3850704 3994578 4104947 4245607 4377474 4503389 4616033 4717155 4840584 4950267 5033957 5135263 
5369960 5624522 5861243 6106489 6379950 6618331 6831318 7074101 7306072 7465762 7623999 7813122 8030016 8257392 8515395 8748058 8886120 9150539 9404622 9655786 9896311 10137618 10352215 10618113 10843028 11096866 11308375 11510880 11729007 11940008 
12240992 12542184 12892819 13236016 13579390 13953515 14314493 14609485 14948468 15280315 15613219 15960546 16318201 16663696 17040058 17337404 17674269 18054326 18380091 18751310 19116861 19460702 19826572 20110736 20494590 20907095 21233557 21548754 21858125 22204924 
22950487 23631042 24221323 24881123 25535573 26193864 26887741 27438609 28057252 28733633 29442592 30118555 30745123 31455680 32029974 32732253 33485031 34180293 34805872 35340505 35900824 36496843 37121621 37778000 38446363 39096385 39739495 40344830 40944778 41580410 
42457298 43411187 44249115 44945677 45850240 46839364 47706806 48630373 49603721 50452517 51267970 51930785 52746257 53571249 54423715 55356661 56256747 57095198 57933072 58848858 59787149 60635793 61540603 62402743 63234400 63989599 64679451 65472621 66176033 66929272 
67982807 68875052 69896739 71151848 72325512 73555708 74587829 75569122 76774037 77926563 79067776 80184835 81325092 82488009 83628626 84737210 85939796 87070568 88119443 89282768 90382780 91393283 92410025 93296624 94325506 95495359 96688107 97930779 98822499 99796169 
101131749 102456457 103860998 105098025 106376305 107744226 109228237 110644900 111944155 113207139 114444050 115735059 117126063 118539420 119811308 121173043 122574467 123865336 125221463 126705649 128088269 129562551 130955218 132305065 133773064 135021683 136359185 137554833 138843948 140047710 
141689634 143270154 144916311 146399040 147881341 149619747 151286658 152792711 154372212 155816947 157352195 158974924 160562844 162047110 163776032 165329676 166979940 168469674 170059107 171674895 173410985 175096885 176788940 178501755 180171491 181889844 183642089 185247469 186842842 188383131 
