29804 32004 32004 32004 32004 32004 32004 32004 32004 32004 32004 32004 32004 32004 32004 32004 32004 32004 32004 32004 32004 32004 32004 32004 32004 32004 32004 32004 32004 32004 
64608 69008 69008 69008 69008 69008 69008 69008 69008 69008 69008 69008 69008 69008 69008 69008 69008 69008 69008 69008 69008 69008 69008 69008 69008 69008 69008 69008 69008 69008 
102252 106364 106364 106364 106364 106364 106364 106364 106364 106364 106364 106364 106364 106364 106364 106364 106364 106364 106364 106364 106364 106364 106364 106364 106364 106364 106364 106364 106364 106364 
139216 148016 148016 148016 148016 148016 148016 148016 148016 148016 148016 148016 148016 148016 148016 148016 148016 148016 148016 148016 148016 148016 148016 148016 148016 148016 148016 148016 148016 148016 
178756 188476 188476 188476 188476 188476 188476 188476 188476 188476 188476 188476 188476 188476 188476 188476 188476 188476 188476 188476 188476 188476 188476 188476 188476 188476 188476 188476 188476 188476 
219504 227728 227728 227728 227728 227728 227728 227728 227728 227728 227728 227728 227728 227728 227728 227728 227728 227728 227728 227728 227728 227728 227728 227728 227728 227728 227728 227728 227728 227728 
260100 269364 269364 269364 269364 269364 269364 269364 269364 269364 269364 269364 269364 269364 269364 269364 269364 269364 269364 269364 269364 269364 269364 269364 269364 269364 269364 269364 269364 269364 
298432 316032 316032 316032 316032 316032 316032 316032 316032 316032 316032 316032 316032 316032 316032 316032 316032 316032 316032 316032 316032 316032 316032 316032 316032 316032 316032 316032 316032 316032 
339340 360124 360124 360124 360124 360124 360124 360124 360124 360124 360124 360124 360124 360124 360124 360124 360124 360124 360124 360124 360124 360124 360124 360124 360124 360124 360124 360124 360124 360124 
382512 401952 401952 401952 401952 401952 401952 401952 401952 401952 401952 401952 401952 401952 401952 401952 401952 401952 401952 401952 401952 401952 401952 401952 401952 401952 401952 401952 401952 401952 
