55223 55257 55193 55211 55203 55252 55185 55266 55199 55128 55210 55143 55175 55193 55283 55237 55240 55141 55211 55230 55294 55252 55268 55303 55239 55330 55224 55187 55266 55155 
120422 120422 120525 120449 120400 120401 120435 120496 120457 120545 120417 120452 120340 120514 120465 120440 120438 120404 120463 120437 120369 120540 120405 120489 120494 120468 120458 120507 120512 120477 
189389 189219 189291 189343 189184 189300 189267 189193 189153 189400 189350 189353 189365 189343 189205 189332 189318 189176 189342 189355 189386 189366 189357 189330 189339 189405 189319 189368 189334 189449 
260904 260804 260955 260918 260974 260961 261011 260839 260885 260883 261021 261034 260849 260972 260902 260745 260876 260922 261032 260971 260847 260959 260850 260776 260856 260979 260810 260906 260891 260868 
334068 334046 334159 334107 334178 333939 334168 334069 333907 334120 334094 334051 334036 333856 334216 334057 334142 333878 334102 334049 334087 334167 334087 333926 333939 333951 334130 334197 333999 334109 
408668 408595 408645 408625 408586 408703 408617 408506 408527 408469 408669 408732 408667 408515 408506 408642 408532 408522 408642 408718 408624 408563 408589 408543 408672 408805 408824 408637 408610 408580 
484809 484651 484431 484387 484691 484456 484302 484332 484376 484510 484424 484264 484329 484493 484544 484283 484362 484425 484419 484476 484452 484291 484468 484411 484449 484576 484426 484396 484375 484430 
561390 561376 561426 561261 561352 561580 561662 561364 561436 561377 561411 561431 561428 561257 561439 561554 561445 561350 561569 561188 561285 561402 561375 561380 561368 561536 561351 561368 561477 561284 
638779 638438 638374 638595 638500 638457 638345 638196 638669 638465 638307 638277 638324 638482 638510 638325 638574 638322 638517 638616 638520 638541 638149 638484 638441 638638 638398 638467 638239 638441 
715669 715604 715571 715618 715548 715712 715654 715795 715788 715783 715640 715520 715615 715691 715697 715629 715853 715578 715579 715634 715737 715281 715774 715719 715514 715574 715559 715822 715627 715841 
